-0.366210550942,0.0911698492259
-0.415296058564,0.600187219653
-0.428184748218,1.11078117501
-0.429992102831,1.61770983982
-0.433793703475,2.16862325023
-0.448524901958,2.67604337123
-0.464350147654,3.17628865526
-0.465867429337,3.69160944534
-0.469371794566,4.19774836325
-0.484604650917,4.70485077142
-0.48501737461,5.20592696672
-0.477468612691,5.70844872063
-0.480074347884,6.21020340088
-0.498706572742,6.71642794332
-0.521306480953,7.22138048614
-0.573429176259,7.72535539397
-0.779509263989,8.18176933549
-1.1406288714,8.52989230702
-1.60829592712,8.71874486739
-2.1077820741,8.75075610389
-2.57800162689,8.57931782207
-3.08220155968,8.42207268272
-3.57502488607,8.32069236695
-4.12716127769,8.25669799641
-4.6261398984,8.20825354337
-5.12582845648,8.17377688329
-5.63292434093,8.13790062966
-6.13342339525,8.11117375455
-6.63624211859,8.08611882799
-7.14623969365,8.0741791741
-7.65571713859,8.0787439854
-8.16127364951,8.0864563473
-8.66152654075,8.07724220969
-9.16194288921,8.06995731401
-9.66861113354,8.06666516064
-10.1702762646,8.06871093435
-10.6746400072,8.08519895961
-11.1849917228,8.09451145025
-11.6919473058,8.1021267064
-12.2017525302,8.12008553547
-12.7029149806,8.12124400764
-13.2035298944,8.13823929516
-13.7079392953,8.14195815248
-14.2082291015,8.13512171543
-14.7094121377,8.16404174533
-15.2096758573,8.13701992072
-15.7131042098,8.11217919006
-16.2011950577,7.98911432434
-16.6117871001,7.70043615441
-16.9023119292,7.28809465582
-17.176149759,6.85522976428
-17.2122310422,6.34429472517
-17.1316850291,5.84996897027
-17.1374955011,5.32383642987
-17.1795158133,4.82166093185
-17.2008649082,4.32072998989
-17.2080124313,3.81545688563
-17.1986292904,3.31274435564
-17.200397227,2.80248809231
-17.1973049415,2.29621167484
-17.1969955739,1.79158214746
-17.1988908919,1.27936805246
-17.2058009161,0.770879622484
-17.2140406811,0.24076152629
-17.2199973287,-0.264023552038
-17.2300479305,-0.773926783746
-17.243003226,-1.30175557704
-17.257330694,-1.80559417037
-17.2736700377,-2.3095889563
-17.3005375302,-2.81194772458
-17.3313597578,-3.31125032183
-17.3613075248,-3.81876557845
-17.3884038236,-4.32235896415
-17.404816055,-4.82834192179
-17.3991347758,-5.33251520727
-17.3782840961,-5.83492585791
-17.3454550629,-6.33746651854
-17.2075784491,-6.82020741243
-16.8757960016,-7.19617889004
-16.4375971343,-7.43973300878
-15.9470876601,-7.54752352661
-15.4616931498,-7.68626897525
-14.9657996028,-7.86739919596
-14.4717930008,-7.98077793573
-13.976127362,-8.04763765615
-13.4743577797,-8.05279153384
-12.9842457258,-7.95188453052
-12.4811316405,-7.87885223086
-11.9757831665,-7.8038687662
-11.4711410042,-7.73966545247
-10.9661976376,-7.71162782328
-10.4660952772,-7.71786009562
-9.96570265073,-7.74278303445
-9.45477794458,-7.77674562905
-8.95432860414,-7.8075730108
-8.45145582436,-7.85413359126
-7.94142635176,-7.85755413027
-7.43420672094,-7.91104281036
-6.9337847003,-7.965188696
-6.42365809037,-7.98113897472
-5.91709566304,-8.03301017211
-5.41159443213,-8.0823821206
-4.89789002098,-8.08133463887
-4.38970740453,-8.07437012981
-3.89011919427,-8.05139955283
-3.38170603184,-7.99664558783
-2.87863981115,-7.95796082795
-2.38168832214,-7.89124666491
-1.87090545649,-7.83481874299
-1.36308366696,-7.76989323469
-0.85824375468,-7.6912915346
-0.351282545189,-7.65320856301
0.129948803378,-7.4922810711
0.476608064935,-7.13105249278
0.664823944166,-6.65257706852
0.692933315976,-6.11399234717
0.563441198128,-5.61223943485
0.309129622169,-5.17629488311
0.192710338291,-4.65556760767
0.185504079942,-4.12476434456
0.22087917172,-3.62500475485
0.233867081596,-3.10433762877
0.257064684939,-2.6008250094
0.24193485565,-2.09164949206
0.237805783775,-1.58984551084
0.198253558948,-1.0888544184
0.146698821164,-0.590546992687
0.0470187188296,-0.0975694278975
